frequency,raw,smoothed,error,equalization
20.0000,5.5900,5.5641,5.5641,-5.5641
20.1998,5.5900,5.5593,5.5593,-5.5593
20.4015,5.5899,5.5538,5.5538,-5.5538
20.6053,5.5802,5.5474,5.5474,-5.5474
20.8112,5.5500,5.5403,5.5403,-5.5403
21.0190,5.5500,5.5327,5.5327,-5.5327
21.2290,5.5500,5.5246,5.5246,-5.5246
21.4410,5.5398,5.5159,5.5159,-5.5159
21.6552,5.5009,5.5063,5.5063,-5.5063
21.8715,5.5000,5.4961,5.4961,-5.4961
22.0900,5.5000,5.4852,5.4852,-5.4852
22.3106,5.4500,5.4731,5.4731,-5.4731
22.5335,5.4500,5.4605,5.4605,-5.4605
22.7586,5.4500,5.4479,5.4479,-5.4479
22.9859,5.4402,5.4351,5.4351,-5.4351
23.2155,5.4106,5.4222,5.4222,-5.4222
23.4474,5.4100,5.4094,5.4094,-5.4094
23.6816,5.4100,5.3964,5.3964,-5.3964
23.9182,5.4100,5.3830,5.3830,-5.3830
24.1571,5.3606,5.3692,5.3692,-5.3692
24.3984,5.3600,5.3553,5.3553,-5.3553
24.6421,5.3600,5.3411,5.3411,-5.3411
24.8882,5.3104,5.3266,5.3266,-5.3266
25.1368,5.3100,5.3121,5.3121,-5.3121
25.3879,5.3100,5.2973,5.2973,-5.2973
25.6415,5.2713,5.2822,5.2822,-5.2822
25.8976,5.2700,5.2671,5.2671,-5.2671
26.1563,5.2700,5.2518,5.2518,-5.2518
26.4176,5.2223,5.2360,5.2360,-5.2360
26.6815,5.2200,5.2203,5.2203,-5.2203
26.9480,5.2200,5.2046,5.2046,-5.2046
27.2172,5.1724,5.1886,5.1886,-5.1886
27.4890,5.1700,5.1727,5.1727,-5.1727
27.7636,5.1700,5.1567,5.1567,-5.1567
28.0409,5.1313,5.1404,5.1404,-5.1404
28.3210,5.1300,5.1240,5.1240,-5.1240
28.6039,5.1300,5.1073,5.1073,-5.1073
28.8896,5.0818,5.0901,5.0901,-5.0901
29.1782,5.0800,5.0727,5.0727,-5.0727
29.4697,5.0607,5.0550,5.0550,-5.0550
29.7640,5.0316,5.0368,5.0368,-5.0368
30.0613,5.0300,5.0184,5.0184,-5.0184
30.3616,4.9925,4.9994,4.9994,-4.9994
30.6649,4.9900,4.9802,4.9802,-4.9802
30.9712,4.9712,4.9605,4.9605,-4.9605
31.2806,4.9419,4.9402,4.9402,-4.9402
31.5930,4.9400,4.9197,4.9197,-4.9197
31.9086,4.8933,4.8985,4.8985,-4.8985
32.2273,4.8900,4.8771,4.8771,-4.8771
32.5492,4.8525,4.8553,4.8553,-4.8553
32.8744,4.8405,4.8333,4.8333,-4.8333
33.2027,4.8021,4.8109,4.8109,-4.8109
33.5344,4.8000,4.7884,4.7884,-4.7884
33.8694,4.7530,4.7654,4.7654,-4.7654
34.2077,4.7500,4.7424,4.7424,-4.7424
34.5494,4.7124,4.7189,4.7189,-4.7189
34.8945,4.7100,4.6954,4.6954,-4.6954
35.2430,4.6731,4.6713,4.6713,-4.6713
35.5951,4.6607,4.6470,4.6470,-4.6470
35.9506,4.6128,4.6224,4.6224,-4.6224
36.3097,4.6100,4.5976,4.5976,-4.5976
36.6724,4.5730,4.5725,4.5725,-4.5725
37.0387,4.5606,4.5471,4.5471,-4.5471
37.4087,4.5223,4.5212,4.5212,-4.5212
37.7824,4.4922,4.4951,4.4951,-4.4951
38.1598,4.4808,4.4689,4.4689,-4.4689
38.5409,4.4338,4.4421,4.4421,-4.4421
38.9259,4.4206,4.4152,4.4152,-4.4152
39.3147,4.3826,4.3881,4.3881,-4.3881
39.7074,4.3616,4.3609,4.3609,-4.3609
40.1041,4.3418,4.3336,4.3336,-4.3336
40.5046,4.3035,4.3060,4.3060,-4.3060
40.9092,4.2908,4.2784,4.2784,-4.2784
41.3179,4.2439,4.2505,4.2505,-4.2505
41.7306,4.2307,4.2226,4.2226,-4.2226
42.1474,4.2023,4.1946,4.1946,-4.1946
42.5684,4.1538,4.1662,4.1662,-4.1662
42.9936,4.1408,4.1380,4.1380,-4.1380
43.4231,4.1034,4.1097,4.1097,-4.1097
43.8568,4.0820,4.0813,4.0813,-4.0813
44.2949,4.0616,4.0528,4.0528,-4.0528
44.7374,4.0147,4.0239,4.0239,-4.0239
45.1842,4.0100,3.9950,3.9950,-3.9950
45.6356,3.9649,3.9658,3.9658,-3.9658
46.0914,3.9417,3.9364,3.9364,-3.9364
46.5518,3.9131,3.9068,3.9068,-3.9068
47.0168,3.8738,3.8769,3.8769,-3.8769
47.4864,3.8519,3.8470,3.8470,-3.8470
47.9608,3.8231,3.8167,3.8167,-3.8167
48.4398,3.7842,3.7861,3.7861,-3.7861
48.9237,3.7619,3.7554,3.7554,-3.7554
49.4124,3.7329,3.7243,3.7243,-3.7243
49.9059,3.6854,3.6928,3.6928,-3.6928
50.4044,3.6622,3.6613,3.6613,-3.6613
50.9079,3.6331,3.6295,3.6295,-3.6295
51.4164,3.5942,3.5976,3.5976,-3.5976
51.9300,3.5723,3.5655,3.5655,-3.5655
52.4487,3.5435,3.5332,3.5332,-3.5332
52.9726,3.5044,3.5006,3.5006,-3.5006
53.5018,3.4555,3.4678,3.4678,-3.4678
54.0362,3.4500,3.4350,3.4350,-3.4350
54.5759,3.4059,3.4018,3.4018,-3.4018
55.1211,3.3644,3.3685,3.3685,-3.3685
55.6717,3.3337,3.3351,3.3351,-3.3351
56.2278,3.3034,3.3017,3.3017,-3.3017
56.7894,3.2650,3.2681,3.2681,-3.2681
57.3567,3.2423,3.2346,3.2346,-3.2346
57.9296,3.1961,3.2009,3.2009,-3.2009
58.5082,3.1725,3.1674,3.1674,-3.1674
59.0927,3.1346,3.1338,3.1338,-3.1338
59.6829,3.0951,3.1003,3.1003,-3.1003
60.2791,3.0636,3.0670,3.0670,-3.0670
60.8812,3.0339,3.0338,3.0338,-3.0338
61.4893,2.9953,3.0006,3.0006,-3.0006
62.1035,2.9638,2.9676,2.9676,-2.9676
62.7239,2.9337,2.9346,2.9346,-2.9346
63.3504,2.8951,2.9017,2.9017,-2.9017
63.9832,2.8727,2.8690,2.8690,-2.8690
64.6223,2.8441,2.8363,2.8363,-2.8363
65.2678,2.8051,2.8036,2.8036,-2.8036
65.9198,2.7568,2.7709,2.7709,-2.7709
66.5782,2.7500,2.7384,2.7384,-2.7384
67.2433,2.7153,2.7059,2.7059,-2.7059
67.9149,2.6670,2.6733,2.6733,-2.6733
68.5933,2.6343,2.6408,2.6408,-2.6408
69.2785,2.6040,2.6086,2.6086,-2.6086
69.9705,2.5743,2.5765,2.5765,-2.5765
70.6694,2.5443,2.5445,2.5445,-2.5445
71.3753,2.5144,2.5126,2.5126,-2.5126
72.0883,2.4757,2.4806,2.4806,-2.4806
72.8083,2.4442,2.4489,2.4489,-2.4489
73.5356,2.4143,2.4174,2.4174,-2.4174
74.2701,2.3845,2.3860,2.3860,-2.3860
75.0120,2.3544,2.3547,2.3547,-2.3547
75.7613,2.3243,2.3236,2.3236,-2.3236
76.5180,2.2944,2.2926,2.2926,-2.2926
77.2824,2.2646,2.2616,2.2616,-2.2616
78.0543,2.2345,2.2306,2.2306,-2.2306
78.8340,2.1959,2.1998,2.1998,-2.1998
79.6214,2.1645,2.1693,2.1693,-2.1693
80.4168,2.1346,2.1391,2.1391,-2.1391
81.2200,2.1048,2.1092,2.1092,-2.1092
82.0313,2.0748,2.0795,2.0795,-2.0795
82.8507,2.0447,2.0501,2.0501,-2.0501
83.6783,2.0148,2.0208,2.0208,-2.0208
84.5141,1.9849,1.9917,1.9917,-1.9917
85.3583,1.9633,1.9628,1.9628,-1.9628
86.2109,1.9182,1.9338,1.9338,-1.9338
87.0721,1.9100,1.9050,1.9050,-1.9050
87.9418,1.8768,1.8761,1.8761,-1.8761
88.8203,1.8700,1.8471,1.8471,-1.8471
89.7075,1.8286,1.8175,1.8175,-1.8175
90.6035,1.7870,1.7876,1.7876,-1.7876
91.5085,1.7717,1.7576,1.7576,-1.7576
92.4226,1.7368,1.7273,1.7273,-1.7273
93.3458,1.6971,1.6967,1.6967,-1.6967
94.2782,1.6652,1.6660,1.6660,-1.6660
95.2199,1.6354,1.6353,1.6353,-1.6353
96.1711,1.5971,1.6044,1.6044,-1.6044
97.1317,1.5653,1.5737,1.5737,-1.5737
98.1019,1.5355,1.5431,1.5431,-1.5431
99.0818,1.5055,1.5127,1.5127,-1.5127
100.0715,1.4754,1.4827,1.4827,-1.4827
101.0711,1.4536,1.4529,1.4529,-1.4529
102.0807,1.4174,1.4234,1.4234,-1.4234
103.1004,1.4019,1.3942,1.3942,-1.3942
104.1302,1.3674,1.3652,1.3652,-1.3652
105.1703,1.3276,1.3365,1.3365,-1.3365
106.2209,1.3119,1.3083,1.3083,-1.3083
107.2819,1.2693,1.2803,1.2803,-1.2803
108.3535,1.2519,1.2528,1.2528,-1.2528
109.4358,1.2257,1.2257,1.2257,-1.2257
110.5289,1.1877,1.1989,1.1989,-1.1989
111.6330,1.1720,1.1728,1.1728,-1.1728
112.7481,1.1299,1.1473,1.1473,-1.1473
113.8743,1.1120,1.1226,1.1226,-1.1226
115.0118,1.0860,1.0987,1.0987,-1.0987
116.1606,1.0720,1.0757,1.0757,-1.0757
117.3209,1.0379,1.0533,1.0533,-1.0533
118.4928,1.0300,1.0317,1.0317,-1.0317
119.6764,0.9902,1.0106,1.0106,-1.0106
120.8718,0.9800,0.9901,0.9901,-0.9901
122.0792,0.9562,0.9701,0.9701,-0.9701
123.2986,0.9421,0.9505,0.9505,-0.9505
124.5302,0.9400,0.9311,0.9311,-0.9311
125.7741,0.9241,0.9116,0.9116,-0.9116
127.0304,0.8962,0.8919,0.8919,-0.8919
128.2993,0.8900,0.8720,0.8720,-0.8720
129.5808,0.8584,0.8515,0.8515,-0.8515
130.8752,0.8421,0.8308,0.8308,-0.8308
132.1825,0.8164,0.8096,0.8096,-0.8096
133.5028,0.8022,0.7881,0.7881,-0.7881
134.8363,0.7607,0.7661,0.7661,-0.7661
136.1832,0.7500,0.7441,0.7441,-0.7441
137.5435,0.7109,0.7218,0.7218,-0.7218
138.9174,0.7000,0.6995,0.6995,-0.6995
140.3050,0.6688,0.6771,0.6771,-0.6771
141.7065,0.6600,0.6549,0.6549,-0.6549
143.1220,0.6212,0.6328,0.6328,-0.6328
144.5516,0.6100,0.6110,0.6110,-0.6110
145.9955,0.5790,0.5895,0.5895,-0.5895
147.4538,0.5622,0.5685,0.5685,-0.5685
148.9267,0.5445,0.5477,0.5477,-0.5477
150.4143,0.5245,0.5274,0.5274,-0.5274
151.9167,0.5200,0.5074,0.5074,-0.5074
153.4342,0.4814,0.4875,0.4875,-0.4875
154.9668,0.4700,0.4680,0.4680,-0.4680
156.5147,0.4317,0.4486,0.4486,-0.4486
158.0781,0.4200,0.4297,0.4297,-0.4297
159.6571,0.4123,0.4111,0.4111,-0.4111
161.2519,0.3871,0.3926,0.3926,-0.3926
162.8626,0.3800,0.3743,0.3743,-0.3743
164.4894,0.3495,0.3560,0.3560,-0.3560
166.1324,0.3324,0.3379,0.3379,-0.3379
167.7919,0.3300,0.3199,0.3199,-0.3199
169.4679,0.2996,0.3017,0.3017,-0.3017
171.1607,0.2900,0.2836,0.2836,-0.2836
172.8704,0.2673,0.2654,0.2654,-0.2654
174.5972,0.2449,0.2469,0.2469,-0.2469
176.3412,0.2400,0.2284,0.2284,-0.2284
178.1026,0.2024,0.2095,0.2095,-0.2095
179.8816,0.1900,0.1904,0.1904,-0.1904
181.6784,0.1750,0.1712,0.1712,-0.1712
183.4932,0.1550,0.1517,0.1517,-0.1517
185.3261,0.1500,0.1320,0.1320,-0.1320
187.1772,0.1127,0.1118,0.1118,-0.1118
189.0469,0.1000,0.0914,0.0914,-0.0914
190.9352,0.0628,0.0710,0.0710,-0.0710
192.8425,0.0500,0.0508,0.0508,-0.0508
194.7687,0.0278,0.0309,0.0309,-0.0309
196.7142,0.0126,0.0112,0.0112,-0.0112
198.6792,-0.0122,-0.0082,-0.0082,0.0082
200.6637,-0.0348,-0.0273,-0.0273,0.0273
202.6681,-0.0548,-0.0461,-0.0461,0.0461
204.6925,-0.0821,-0.0644,-0.0644,0.0644
206.7371,-0.0900,-0.0822,-0.0822,0.0822
208.8022,-0.1194,-0.0996,-0.0996,0.0996
210.8879,-0.1300,-0.1163,-0.1163,0.1163
212.9944,-0.1300,-0.1325,-0.1325,0.1325
215.1219,-0.1300,-0.1486,-0.1486,0.1486
217.2707,-0.1666,-0.1648,-0.1648,0.1648
219.4410,-0.1800,-0.1809,-0.1809,0.1809
221.6329,-0.1800,-0.1969,-0.1969,0.1969
223.8468,-0.2164,-0.2130,-0.2130,0.2130
226.0827,-0.2300,-0.2288,-0.2288,0.2288
228.3410,-0.2445,-0.2446,-0.2446,0.2446
230.6219,-0.2645,-0.2603,-0.2603,0.2603
232.9255,-0.2700,-0.2759,-0.2759,0.2759
235.2521,-0.2989,-0.2916,-0.2916,0.2916
237.6020,-0.3172,-0.3072,-0.3072,0.3072
239.9754,-0.3200,-0.3227,-0.3227,0.3227
242.3724,-0.3488,-0.3381,-0.3381,0.3381
244.7934,-0.3672,-0.3531,-0.3531,0.3531
247.2386,-0.3700,-0.3679,-0.3679,0.3679
249.7082,-0.3700,-0.3827,-0.3827,0.3827
252.2025,-0.3986,-0.3976,-0.3976,0.3976
254.7217,-0.4100,-0.4126,-0.4126,0.4126
257.2661,-0.4100,-0.4277,-0.4277,0.4277
259.8358,-0.4456,-0.4433,-0.4433,0.4433
262.4313,-0.4600,-0.4589,-0.4589,0.4589
265.0527,-0.4600,-0.4746,-0.4746,0.4746
267.7002,-0.4953,-0.4906,-0.4906,0.4906
270.3742,-0.5100,-0.5065,-0.5065,0.5065
273.0749,-0.5100,-0.5224,-0.5224,0.5224
275.8026,-0.5382,-0.5385,-0.5385,0.5385
278.5575,-0.5500,-0.5546,-0.5546,0.5546
281.3400,-0.5851,-0.5708,-0.5708,0.5708
284.1502,-0.6000,-0.5865,-0.5865,0.5865
286.9885,-0.6000,-0.6021,-0.6021,0.6021
289.8552,-0.6280,-0.6175,-0.6175,0.6175
292.7505,-0.6470,-0.6327,-0.6327,0.6327
295.6747,-0.6500,-0.6476,-0.6476,0.6476
298.6281,-0.6500,-0.6624,-0.6624,0.6624
301.6111,-0.6777,-0.6772,-0.6772,0.6772
304.6238,-0.6900,-0.6920,-0.6920,0.6920
307.6666,-0.6900,-0.7068,-0.7068,0.7068
310.7398,-0.7246,-0.7217,-0.7217,0.7217
313.8437,-0.7400,-0.7367,-0.7367,0.7367
316.9786,-0.7400,-0.7517,-0.7517,0.7517
320.1449,-0.7744,-0.7669,-0.7669,0.7669
323.3427,-0.7900,-0.7822,-0.7822,0.7822
326.5725,-0.7900,-0.7974,-0.7974,0.7974
329.8346,-0.8174,-0.8129,-0.8129,0.8129
333.1292,-0.8300,-0.8282,-0.8282,0.8282
336.4568,-0.8300,-0.8435,-0.8435,0.8435
339.8176,-0.8640,-0.8589,-0.8589,0.8589
343.2119,-0.8800,-0.8742,-0.8742,0.8742
346.6402,-0.8800,-0.8892,-0.8892,0.8892
350.1027,-0.9138,-0.9042,-0.9042,0.9042
353.5998,-0.9300,-0.9190,-0.9190,0.9190
357.1318,-0.9300,-0.9334,-0.9334,0.9334
360.6991,-0.9570,-0.9479,-0.9479,0.9479
364.3021,-0.9700,-0.9621,-0.9621,0.9621
367.9410,-0.9700,-0.9762,-0.9762,0.9762
371.6163,-0.9834,-0.9902,-0.9902,0.9902
375.3283,-1.0101,-1.0043,-1.0043,1.0043
379.0774,-1.0200,-1.0182,-1.0182,1.0182
382.8639,-1.0267,-1.0318,-1.0318,1.0318
386.6882,-1.0500,-1.0454,-1.0454,1.0454
390.5508,-1.0600,-1.0588,-1.0588,1.0588
394.4519,-1.0600,-1.0720,-1.0720,1.0720
398.3920,-1.0931,-1.0851,-1.0851,1.0851
402.3714,-1.1100,-1.0980,-1.0980,1.0980
406.3906,-1.1100,-1.1106,-1.1106,1.1106
410.4500,-1.1232,-1.1231,-1.1231,1.1231
414.5498,-1.1497,-1.1354,-1.1354,1.1354
418.6907,-1.1600,-1.1472,-1.1472,1.1472
422.8729,-1.1600,-1.1585,-1.1585,1.1585
427.0969,-1.1600,-1.1698,-1.1698,1.1698
431.3631,-1.1861,-1.1810,-1.1810,1.1810
435.6718,-1.2000,-1.1920,-1.1920,1.1920
440.0237,-1.2000,-1.2028,-1.2028,1.2028
444.4190,-1.2000,-1.2135,-1.2135,1.2135
448.8582,-1.2260,-1.2244,-1.2244,1.2244
453.3417,-1.2465,-1.2351,-1.2351,1.2351
457.8700,-1.2500,-1.2455,-1.2455,1.2455
462.4436,-1.2500,-1.2557,-1.2557,1.2557
467.0628,-1.2500,-1.2660,-1.2660,1.2660
471.7282,-1.2822,-1.2766,-1.2766,1.2766
476.4402,-1.3000,-1.2871,-1.2871,1.2871
481.1993,-1.3000,-1.2972,-1.2972,1.2972
486.0059,-1.3000,-1.3070,-1.3070,1.3070
490.8605,-1.3256,-1.3167,-1.3167,1.3167
495.7636,-1.3400,-1.3261,-1.3261,1.3261
500.7156,-1.3400,-1.3350,-1.3350,1.3350
505.7172,-1.3400,-1.3438,-1.3438,1.3438
510.7687,-1.3400,-1.3525,-1.3525,1.3525
515.8706,-1.3653,-1.3612,-1.3612,1.3612
521.0235,-1.3863,-1.3697,-1.3697,1.3697
526.2279,-1.3900,-1.3775,-1.3775,1.3775
531.4843,-1.3900,-1.3848,-1.3848,1.3848
536.7932,-1.3900,-1.3917,-1.3917,1.3917
542.1551,-1.3900,-1.3984,-1.3984,1.3984
547.5705,-1.3900,-1.4049,-1.4049,1.4049
553.0401,-1.4150,-1.4114,-1.4114,1.4114
558.5643,-1.4362,-1.4176,-1.4176,1.4176
564.1437,-1.4400,-1.4232,-1.4232,1.4232
569.7788,-1.4400,-1.4283,-1.4283,1.4283
575.4701,-1.4400,-1.4327,-1.4327,1.4327
581.2184,-1.4400,-1.4367,-1.4367,1.4367
587.0241,-1.4400,-1.4403,-1.4403,1.4403
592.8877,-1.4400,-1.4436,-1.4436,1.4436
598.8099,-1.4462,-1.4465,-1.4465,1.4465
604.7913,-1.4562,-1.4490,-1.4490,1.4490
610.8324,-1.4600,-1.4509,-1.4509,1.4509
616.9339,-1.4600,-1.4521,-1.4521,1.4521
623.0963,-1.4600,-1.4528,-1.4528,1.4528
629.3203,-1.4600,-1.4530,-1.4530,1.4530
635.6064,-1.4600,-1.4528,-1.4528,1.4528
641.9553,-1.4600,-1.4522,-1.4522,1.4522
648.3677,-1.4600,-1.4510,-1.4510,1.4510
654.8441,-1.4600,-1.4491,-1.4491,1.4491
661.3852,-1.4479,-1.4466,-1.4466,1.4466
667.9916,-1.4400,-1.4434,-1.4434,1.4434
674.6640,-1.4400,-1.4397,-1.4397,1.4397
681.4031,-1.4400,-1.4352,-1.4352,1.4352
688.2095,-1.4400,-1.4301,-1.4301,1.4301
695.0838,-1.4400,-1.4242,-1.4242,1.4242
702.0269,-1.4400,-1.4173,-1.4173,1.4173
709.0393,-1.4340,-1.4095,-1.4095,1.4095
716.1217,-1.4061,-1.4004,-1.4004,1.4004
723.2749,-1.3900,-1.3903,-1.3903,1.3903
730.4995,-1.3900,-1.3792,-1.3792,1.3792
737.7963,-1.3900,-1.3670,-1.3670,1.3670
745.1660,-1.3663,-1.3534,-1.3534,1.3534
752.6093,-1.3441,-1.3384,-1.3384,1.3384
760.1269,-1.3400,-1.3221,-1.3221,1.3221
767.7197,-1.3223,-1.3043,-1.3043,1.3043
775.3882,-1.3041,-1.2848,-1.2848,1.2848
783.1334,-1.2941,-1.2638,-1.2638,1.2638
790.9560,-1.2666,-1.2410,-1.2410,1.2410
798.8566,-1.2325,-1.2164,-1.2164,1.2164
806.8362,-1.2083,-1.1901,-1.1901,1.1901
814.8955,-1.1767,-1.1617,-1.1617,1.1617
823.0353,-1.1542,-1.1312,-1.1312,1.1312
831.2565,-1.1268,-1.0986,-1.0986,1.0986
839.5597,-1.0869,-1.0636,-1.0636,1.0636
847.9459,-1.0527,-1.0262,-1.0262,1.0262
856.4158,-1.0227,-0.9862,-0.9862,0.9862
864.9703,-0.9755,-0.9434,-0.9434,0.9434
873.6103,-0.9328,-0.8978,-0.8978,0.8978
882.3366,-0.8913,-0.8493,-0.8493,0.8493
891.1501,-0.8357,-0.7978,-0.7978,0.7978
900.0516,-0.7814,-0.7431,-0.7431,0.7431
909.0420,-0.7201,-0.6851,-0.6851,0.6851
918.1222,-0.6559,-0.6238,-0.6238,0.6238
927.2931,-0.5959,-0.5592,-0.5592,0.5592
936.5557,-0.5360,-0.4912,-0.4912,0.4912
945.9107,-0.4591,-0.4197,-0.4197,0.4197
955.3592,-0.3862,-0.3446,-0.3446,0.3446
964.9021,-0.3093,-0.2661,-0.2661,0.2661
974.5402,-0.2250,-0.1839,-0.1839,0.1839
984.2747,-0.1339,-0.0981,-0.0981,0.0981
994.1064,-0.0508,-0.0089,-0.0089,0.0089
1004.0363,0.0415,0.0839,0.0839,-0.0839
1014.0654,0.1402,0.1802,0.1802,-0.1802
1024.1947,0.2412,0.2800,0.2800,-0.2800
1034.4251,0.3455,0.3831,0.3831,-0.3831
1044.7578,0.4510,0.4894,0.4894,-0.4894
1055.1936,0.5609,0.5986,0.5986,-0.5986
1065.7337,0.6707,0.7107,0.7107,-0.7107
1076.3791,0.7916,0.8255,0.8255,-0.8255
1087.1308,0.9214,0.9427,0.9427,-0.9427
1097.9899,1.0403,1.0618,1.0618,-1.0618
1108.9575,1.1666,1.1828,1.1828,-1.1828
1120.0346,1.3010,1.3052,1.3052,-1.3052
1131.2224,1.4309,1.4286,1.4286,-1.4286
1142.5219,1.5499,1.5527,1.5527,-1.5527
1153.9343,1.6706,1.6773,1.6773,-1.6773
1165.4607,1.8004,1.8025,1.8025,-1.8025
1177.1022,1.9303,1.9278,1.9278,-1.9278
1188.8600,2.0602,2.0529,2.0529,-2.0529
1200.7353,2.1846,2.1776,2.1776,-2.1776
1212.7291,2.3098,2.3016,2.3016,-2.3016
1224.8428,2.4397,2.4248,2.4248,-2.4248
1237.0775,2.5589,2.5469,2.5469,-2.5469
1249.4344,2.6794,2.6677,2.6677,-2.6677
1261.9147,2.7986,2.7873,2.7873,-2.7873
1274.5197,2.9192,2.9055,2.9055,-2.9055
1287.2506,3.0490,3.0222,3.0222,-3.0222
1300.1086,3.1683,3.1371,3.1371,-3.1371
1313.0951,3.2782,3.2501,3.2501,-3.2501
1326.2113,3.3880,3.3612,3.3612,-3.3612
1339.4585,3.4979,3.4704,3.4704,-3.4704
1352.8381,3.6078,3.5777,3.5777,-3.5777
1366.3513,3.7019,3.6831,3.6831,-3.6831
1379.9995,3.7975,3.7867,3.7867,-3.7867
1393.7840,3.9074,3.8889,3.8889,-3.8889
1407.7062,4.0017,3.9893,3.9893,-3.9893
1421.7674,4.0972,4.0884,4.0884,-4.0884
1435.9691,4.1967,4.1860,4.1860,-4.1860
1450.3127,4.2969,4.2823,4.2823,-4.2823
1464.7995,4.3964,4.3774,4.3774,-4.3774
1479.4311,4.4812,4.4713,4.4713,-4.4713
1494.2088,4.5765,4.5641,4.5641,-4.5641
1509.1341,4.6710,4.6559,4.6559,-4.6559
1524.2085,4.7561,4.7468,4.7468,-4.7468
1539.4335,4.8460,4.8369,4.8369,-4.8369
1554.8105,4.9308,4.9263,4.9263,-4.9263
1570.3412,5.0259,5.0152,5.0152,-5.0152
1586.0270,5.1104,5.1036,5.1036,-5.1036
1601.8694,5.1957,5.1917,5.1917,-5.1917
1617.8702,5.2803,5.2797,5.2797,-5.2797
1634.0307,5.3654,5.3678,5.3678,-5.3678
1650.3527,5.4502,5.4561,5.4561,-5.4561
1666.8377,5.5352,5.5448,5.5448,-5.5448
1683.4873,5.6200,5.6341,5.6341,-5.6341
1700.3033,5.7050,5.7240,5.7240,-5.7240
1717.2872,5.8049,5.8147,5.8147,-5.8147
1734.4408,5.8898,5.9061,5.9061,-5.9061
1751.7658,5.9846,5.9982,5.9982,-5.9982
1769.2638,6.0846,6.0908,6.0908,-6.0908
1786.9366,6.1794,6.1840,6.1840,-6.1840
1804.7859,6.2743,6.2775,6.2775,-6.2775
1822.8135,6.3741,6.3713,6.3713,-6.3713
1841.0211,6.4692,6.4650,6.4650,-6.4650
1859.4107,6.5589,6.5586,6.5586,-6.5586
1877.9839,6.6588,6.6520,6.6520,-6.6520
1896.7427,6.7636,6.7448,6.7448,-6.7448
1915.6888,6.8492,6.8368,6.8368,-6.8368
1934.8242,6.9333,6.9279,6.9279,-6.9279
1954.1507,7.0335,7.0180,7.0180,-7.0180
1973.6703,7.1186,7.1070,7.1070,-7.1070
1993.3848,7.2130,7.1946,7.1946,-7.1946
2013.2963,7.2988,7.2806,7.2806,-7.2806
2033.4067,7.3827,7.3648,7.3648,-7.3648
2053.7179,7.4687,7.4472,7.4472,-7.4472
2074.2320,7.5477,7.5277,7.5277,-7.5277
2094.9511,7.6333,7.6061,7.6061,-7.6061
2115.8770,7.7127,7.6822,7.6822,-7.6822
2137.0121,7.7932,7.7558,7.7558,-7.7558
2158.3582,7.8584,7.8265,7.8265,-7.8265
2179.9175,7.9277,7.8943,7.8943,-7.8943
2201.6923,8.0029,7.9587,7.9587,-7.9587
2223.6845,8.0588,8.0197,8.0197,-8.0197
2245.8963,8.1034,8.0771,8.0771,-8.0771
2268.3301,8.1674,8.1310,8.1310,-8.1310
2290.9879,8.2333,8.1809,8.1809,-8.1809
2313.8721,8.2879,8.2262,8.2262,-8.2262
2336.9848,8.3339,8.2668,8.2668,-8.2668
2360.3285,8.3639,8.3024,8.3024,-8.3024
2383.9052,8.3938,8.3331,8.3331,-8.3331
2407.7175,8.4192,8.3586,8.3586,-8.3586
2431.7677,8.4300,8.3788,8.3788,-8.3788
2456.0581,8.4529,8.3938,8.3938,-8.3938
2480.5911,8.4800,8.4035,8.4035,-8.4035
2505.3691,8.4800,8.4076,8.4076,-8.4076
2530.3947,8.4800,8.4060,8.4060,-8.4060
2555.6702,8.4573,8.3989,8.3989,-8.3989
2581.1983,8.4300,8.3867,8.3867,-8.3867
2606.9813,8.4300,8.3697,8.3697,-8.3697
2633.0218,8.4120,8.3479,8.3479,-8.3479
2659.3225,8.3720,8.3214,8.3214,-8.3214
2685.8858,8.3321,8.2905,8.2905,-8.2905
2712.7145,8.2966,8.2555,8.2555,-8.2555
2739.8112,8.2577,8.2166,8.2166,-8.2166
2767.1786,8.2078,8.1738,8.1738,-8.1738
2794.8193,8.1578,8.1276,8.1276,-8.1276
2822.7361,8.1079,8.0784,8.0784,-8.0784
2850.9318,8.0579,8.0265,8.0265,-8.0265
2879.4091,8.0036,7.9720,7.9720,-7.9720
2908.1709,7.9437,7.9152,7.9152,-7.9152
2937.2200,7.8837,7.8566,7.8566,-7.8566
2966.5592,7.8150,7.7966,7.7966,-7.7966
2996.1915,7.7482,7.7358,7.7358,-7.7358
3026.1198,7.6852,7.6746,7.6746,-7.6746
3056.3470,7.6053,7.6135,7.6135,-7.6135
3086.8761,7.5297,7.5531,7.5531,-7.5531
3117.7103,7.4641,7.4941,7.4941,-7.4941
3148.8524,7.4042,7.4370,7.4370,-7.4370
3180.3055,7.3400,7.3821,7.3821,-7.3821
3212.0729,7.2786,7.3299,7.3299,-7.3299
3244.1576,7.2329,7.2807,7.2807,-7.2807
3276.5627,7.1887,7.2348,7.2348,-7.2348
3309.2916,7.1473,7.1923,7.1923,-7.1923
3342.3473,7.1088,7.1532,7.1532,-7.1532
3375.7333,7.0716,7.1175,7.1175,-7.1175
3409.4527,7.0516,7.0851,7.0851,-7.0851
3443.5090,7.0232,7.0556,7.0556,-7.0556
3477.9054,6.9958,7.0289,7.0289,-7.0289
3512.6454,6.9858,7.0045,7.0045,-7.0045
3547.7324,6.9633,6.9820,6.9820,-6.9820
3583.1699,6.9400,6.9610,6.9610,-6.9610
3618.9614,6.9400,6.9411,6.9411,-6.9411
3655.1104,6.9235,6.9218,6.9218,-6.9218
3691.6205,6.9000,6.9025,6.9025,-6.9025
3728.4952,6.9000,6.8829,6.8829,-6.8829
3765.7383,6.8795,6.8624,6.8624,-6.8624
3803.3534,6.8500,6.8405,6.8405,-6.8405
3841.3443,6.8500,6.8168,6.8168,-6.8168
3879.7146,6.8297,6.7906,6.7906,-6.7906
3918.4682,6.7919,6.7613,6.7613,-6.7613
3957.6089,6.7719,6.7286,6.7286,-6.7286
3997.1406,6.7439,6.6920,6.6920,-6.6920
4037.0671,6.7079,6.6507,6.6507,-6.6507
4077.3924,6.6699,6.6043,6.6043,-6.6043
4118.1206,6.6200,6.5521,6.5521,-6.5521
4159.2556,6.5740,6.4938,6.4938,-6.4938
4200.8014,6.5182,6.4287,6.4287,-6.4287
4242.7623,6.4422,6.3565,6.3565,-6.3565
4285.1423,6.3684,6.2768,6.2768,-6.2768
4327.9456,6.2884,6.1892,6.1892,-6.1892
4371.1765,6.1967,6.0933,6.0933,-6.0933
4414.8392,6.0947,5.9891,5.9891,-5.9891
4458.9380,5.9891,5.8762,5.8762,-5.8762
4503.4773,5.8554,5.7547,5.7547,-5.7547
4548.4616,5.7233,5.6247,5.6247,-5.6247
4593.8951,5.5880,5.4864,5.4864,-5.4864
4639.7825,5.4320,5.3399,5.3399,-5.3399
4686.1282,5.2745,5.1856,5.1856,-5.1856
4732.9369,5.1123,5.0241,5.0241,-5.0241
4780.2131,4.9395,4.8556,4.8556,-4.8556
4827.9616,4.7412,4.6806,4.6806,-4.6806
4876.1870,4.5538,4.5001,4.5001,-4.5001
4924.8942,4.3616,4.3146,4.3146,-4.3146
4974.0878,4.1742,4.1249,4.1249,-4.1249
5023.7729,3.9669,3.9317,3.9317,-3.9317
5073.9542,3.7509,3.7359,3.7359,-3.7359
5124.6368,3.5449,3.5384,3.5384,-3.5384
5175.8256,3.3451,3.3401,3.3401,-3.3401
5227.5258,3.1416,3.1418,3.1418,-3.1418
5279.7423,2.9281,2.9443,2.9443,-2.9443
5332.4805,2.7084,2.7484,2.7484,-2.7484
5385.7454,2.5071,2.5553,2.5553,-2.5553
5439.5424,2.3188,2.3659,2.3659,-2.3659
5493.8768,2.1101,2.1808,2.1808,-2.1808
5548.7539,1.9277,2.0011,2.0011,-2.0011
5604.1792,1.7542,1.8276,1.8276,-1.8276
5660.1580,1.5744,1.6611,1.6611,-1.6611
5716.6961,1.4055,1.5022,1.5022,-1.5022
5773.7989,1.2520,1.3520,1.3520,-1.3520
5831.4720,1.0994,1.2110,1.2110,-1.2110
5889.7213,0.9560,1.0801,1.0801,-1.0801
5948.5524,0.8169,0.9602,0.9602,-0.9602
6007.9711,0.7078,0.8518,0.8518,-0.8518
6067.9834,0.6108,0.7553,0.7553,-0.7553
6128.5951,0.5151,0.6711,0.6711,-0.6711
6189.8123,0.4452,0.5995,0.5995,-0.5995
6251.6409,0.3788,0.5405,0.5405,-0.5405
6314.0871,0.3294,0.4945,0.4945,-0.4945
6377.1571,0.3030,0.4613,0.4613,-0.4613
6440.8571,0.2900,0.4406,0.4406,-0.4406
6505.1934,0.2900,0.4322,0.4322,-0.4322
6570.1723,0.3039,0.4354,0.4354,-0.4354
6635.8003,0.3369,0.4498,0.4498,-0.4498
6702.0838,0.3673,0.4745,0.4745,-0.4745
6769.0294,0.4172,0.5087,0.5087,-0.5087
6836.6437,0.4637,0.5517,0.5517,-0.5517
6904.9334,0.5139,0.6026,0.6026,-0.6026
6973.9052,0.5873,0.6605,0.6605,-0.6605
7043.5660,0.6672,0.7243,0.7243,-0.7243
7113.9225,0.7437,0.7927,0.7927,-0.7927
7184.9819,0.8271,0.8642,0.8642,-0.8642
7256.7511,0.9202,0.9374,0.9374,-0.9374
7329.2371,0.9969,1.0108,1.0108,-1.0108
7402.4472,1.1068,1.0829,1.0829,-1.0829
7476.3886,1.2033,1.1518,1.1518,-1.1518
7551.0686,1.2832,1.2156,1.2156,-1.2156
7626.4945,1.3765,1.2728,1.2728,-1.2728
7702.6738,1.4531,1.3215,1.3215,-1.3215
7779.6141,1.5197,1.3599,1.3599,-1.3599
7857.3229,1.5698,1.3868,1.3868,-1.3868
7935.8079,1.5933,1.4010,1.4010,-1.4010
8015.0769,1.5967,1.4019,1.4019,-1.4019
8095.1377,1.5868,1.3891,1.3891,-1.3891
8175.9982,1.5638,1.3627,1.3627,-1.3627
8257.6664,1.5042,1.3231,1.3231,-1.3231
8340.1504,1.4307,1.2711,1.2711,-1.2711
8423.4582,1.3516,1.2081,1.2081,-1.2081
8507.5983,1.2318,1.1354,1.1354,-1.1354
8592.5787,1.1151,1.0549,1.0549,-1.0549
8678.4081,1.0052,0.9684,0.9684,-0.9684
8765.0947,0.8890,0.8771,0.8771,-0.8771
8852.6473,0.7592,0.7820,0.7820,-0.7820
8941.0744,0.6356,0.6834,0.6834,-0.6834
9030.3848,0.5319,0.5810,0.5810,-0.5810
9120.5872,0.4389,0.4735,0.4735,-0.4735
9211.6907,0.3452,0.3589,0.3589,-0.3589
9303.7042,0.2684,0.2341,0.2341,-0.2341
9396.6368,0.2015,0.0954,0.0954,-0.0954
9490.4977,0.1386,-0.0617,-0.0617,0.0617
9585.2961,0.0656,-0.2422,-0.2422,0.2422
9681.0415,-0.0265,-0.4512,-0.4512,0.4512
9777.7432,-0.1646,-0.6938,-0.6938,0.6938
9875.4109,-0.3625,-0.9743,-0.9743,0.9743
9974.0542,-0.6233,-1.2962,-1.2962,1.2962
10073.6827,-0.9599,-1.6619,-1.6619,1.6619
10174.3065,-1.3744,-2.0725,-2.0725,2.0725
10275.9353,-1.8596,-2.5274,-2.5274,2.5274
10378.5793,-2.4378,-3.0244,-3.0244,3.0244
10482.2486,-3.0608,-3.5596,-3.5596,3.5596
10586.9534,-3.7459,-4.1277,-4.1277,4.1277
10692.7041,-4.4539,-4.7220,-4.7220,4.7220
10799.5111,-5.1977,-5.3348,-5.3348,5.3348
10907.3850,-5.9652,-5.9574,-5.9574,5.9574
11016.3364,-6.7043,-6.5806,-6.5806,6.5806
11126.3761,-7.4407,-7.1950,-7.1950,7.1950
11237.5150,-8.1612,-7.7911,-7.7911,7.7911
11349.7640,-8.8461,-8.3595,-8.3595,8.3595
11463.1342,-9.4754,-8.8909,-8.8909,8.8909
11577.6369,-10.0377,-9.3773,-9.3773,9.3773
11693.2833,-10.5430,-9.8116,-9.8116,9.8116
11810.0848,-10.9899,-10.1874,-10.1874,10.1874
11928.0531,-11.3542,-10.4990,-10.4990,10.4990
12047.1997,-11.6315,-10.7419,-10.7419,10.7419
12167.5365,-11.8318,-10.9128,-10.9128,10.9128
12289.0753,-11.9650,-11.0093,-11.0093,11.0093
12411.8281,-12.0079,-11.0304,-11.0304,11.0304
12535.8070,-11.9115,-10.9759,-10.9759,10.9759
12661.0244,-11.7442,-10.8483,-10.8483,10.8483
12787.4925,-11.4908,-10.6516,-10.6516,10.6516
12915.2239,-11.1821,-10.3913,-10.3913,10.3913
13044.2311,-10.7955,-10.0742,-10.0742,10.0742
13174.5270,-10.3171,-9.7089,-9.7089,9.7089
13306.1244,-9.7716,-9.3060,-9.3060,9.3060
13439.0362,-9.1716,-8.8777,-8.8777,8.8777
13573.2757,-8.5369,-8.4373,-8.4373,8.4373
13708.8561,-7.8797,-7.9989,-7.9989,7.9989
13845.7908,-7.2084,-7.5775,-7.5775,7.5775
13984.0933,-6.5749,-7.1887,-7.1887,7.1887
14123.7772,-6.0091,-6.8479,-6.8479,6.8479
14264.8565,-5.5305,-6.5704,-6.5704,6.5704
14407.3449,-5.1473,-6.3713,-6.3713,6.3713
14551.2566,-4.9012,-6.2650,-6.2650,6.2650
14696.6058,-4.7951,-6.2654,-6.2654,6.2654
14843.4069,-4.8536,-6.3844,-6.3844,6.3844
14991.6743,-5.0540,-6.6316,-6.6316,6.6316
15141.4228,-5.3716,-7.0124,-7.0124,7.0124
15292.6670,-5.8091,-7.5268,-7.5268,7.5268
15445.4220,-6.3887,-8.1710,-8.1710,8.1710
15599.7029,-7.1081,-8.9389,-8.9389,8.9389
15755.5248,-8.0345,-9.8221,-9.8221,9.8221
15912.9032,-9.1755,-10.8097,-10.8097,10.8097
16071.8536,-10.5084,-11.8881,-11.8881,11.8881
16232.3917,-12.0860,-13.0415,-13.0415,13.0415
16394.5334,-13.8532,-14.2515,-14.2515,14.2515
16558.2947,-15.7582,-15.4978,-15.4978,15.4978
16723.6917,-17.6626,-16.7590,-16.7590,16.7590
16890.7409,-19.2362,-18.0151,-18.0151,18.0000
17059.4587,-20.2806,-19.2517,-19.2517,18.0000
17229.8618,-21.2747,-20.4635,-20.4635,18.0000
17401.9670,-22.2513,-21.6465,-21.6465,18.0000
17575.7913,-23.2226,-22.7983,-22.7983,18.0000
17751.3519,-24.2014,-23.9175,-23.9175,18.0000
17928.6662,-25.1804,-25.0035,-25.0035,18.0000
18107.7516,-26.1593,-26.0081,-26.0081,18.0000
18288.6258,-27.1382,-26.9153,-26.9153,18.0000
18471.3068,-28.1171,-27.7402,-27.7402,18.0000
18655.8125,-29.0937,-28.4958,-28.4958,18.0000
18842.1612,-30.0649,-29.1944,-29.1944,18.0000
19030.3713,-31.0438,-29.8455,-29.8455,18.0000
19220.4614,-32.0227,-30.4545,-30.4545,18.0000
19412.4502,-33.0016,-31.0219,-31.0219,18.0000
19606.3568,-33.9806,-31.5453,-31.5453,18.0000
19802.2003,-34.9594,-32.0182,-32.0182,18.0000
20000.0000,-35.7200,-32.4266,-32.4266,18.0000
