frequency,raw,smoothed,error,equalization
20.0000,7.6300,7.6133,7.6133,-7.6133
20.1998,7.6300,7.6103,7.6103,-7.6103
20.4015,7.6299,7.6068,7.6068,-7.6068
20.6053,7.6202,7.6028,7.6028,-7.6028
20.8112,7.6100,7.5984,7.5984,-7.5984
21.0190,7.6100,7.5935,7.5935,-7.5935
21.2290,7.6000,7.5879,7.5879,-7.5879
21.4410,7.5900,7.5817,7.5817,-7.5817
21.6552,7.5802,7.5747,7.5747,-7.5747
21.8715,7.5699,7.5668,7.5668,-7.5668
22.0900,7.5600,7.5579,7.5579,-7.5579
22.3106,7.5500,7.5477,7.5477,-7.5477
22.5335,7.5500,7.5364,7.5364,-7.5364
22.7586,7.5401,7.5243,7.5243,-7.5243
22.9859,7.5302,7.5116,7.5116,-7.5116
23.2155,7.5202,7.4985,7.4985,-7.4985
23.4474,7.5002,7.4851,7.4851,-7.4851
23.6816,7.4807,7.4717,7.4717,-7.4717
23.9182,7.4602,7.4587,7.4587,-7.4587
24.1571,7.4402,7.4461,7.4461,-7.4461
24.3984,7.4102,7.4342,7.4342,-7.4342
24.6421,7.3906,7.4229,7.4229,-7.4229
24.8882,7.3701,7.4122,7.4122,-7.4122
25.1368,7.3601,7.4019,7.4019,-7.4019
25.3879,7.3600,7.3917,7.3917,-7.3917
25.6415,7.3697,7.3814,7.3814,-7.3814
25.8976,7.3795,7.3705,7.3705,-7.3705
26.1563,7.3899,7.3587,7.3587,-7.3587
26.4176,7.3995,7.3458,7.3458,-7.3458
26.6815,7.4000,7.3314,7.3314,-7.3314
26.9480,7.3904,7.3157,7.3157,-7.3157
27.2172,7.3614,7.2986,7.2986,-7.2986
27.4890,7.3216,7.2806,7.2806,-7.2806
27.7636,7.2712,7.2621,7.2621,-7.2621
28.0409,7.2216,7.2437,7.2437,-7.2437
28.3210,7.1716,7.2259,7.2259,-7.2259
28.6039,7.1417,7.2094,7.2094,-7.2094
28.8896,7.1111,7.1945,7.1945,-7.1945
29.1782,7.1100,7.1817,7.1817,-7.1817
29.4697,7.1100,7.1709,7.1709,-7.1709
29.7640,7.1289,7.1620,7.1620,-7.1620
30.0613,7.1394,7.1547,7.1547,-7.1547
30.3616,7.1588,7.1487,7.1487,-7.1487
30.6649,7.1695,7.1435,7.1435,-7.1435
30.9712,7.1700,7.1385,7.1385,-7.1385
31.2806,7.1700,7.1335,7.1335,-7.1335
31.5930,7.1605,7.1279,7.1279,-7.1279
31.9086,7.1507,7.1215,7.1215,-7.1215
32.2273,7.1404,7.1140,7.1140,-7.1140
32.5492,7.1213,7.1052,7.1052,-7.1052
32.8744,7.1010,7.0952,7.0952,-7.0952
33.2027,7.0810,7.0840,7.0840,-7.0840
33.5344,7.0609,7.0719,7.0719,-7.0719
33.8694,7.0506,7.0592,7.0592,-7.0592
34.2077,7.0407,7.0460,7.0460,-7.0460
34.5494,7.0306,7.0326,7.0326,-7.0326
34.8945,7.0207,7.0190,7.0190,-7.0190
35.2430,7.0108,7.0054,7.0054,-7.0054
35.5951,7.0007,6.9918,6.9918,-6.9918
35.9506,6.9906,6.9782,6.9782,-6.9782
36.3097,6.9711,6.9644,6.9644,-6.9644
36.6724,6.9515,6.9508,6.9508,-6.9508
37.0387,6.9312,6.9371,6.9371,-6.9371
37.4087,6.9112,6.9237,6.9237,-6.9237
37.7824,6.9007,6.9103,6.9103,-6.9103
38.1598,6.8908,6.8968,6.8968,-6.8968
38.5409,6.8808,6.8833,6.8833,-6.8833
38.9259,6.8706,6.8694,6.8694,-6.8694
39.3147,6.8606,6.8552,6.8552,-6.8552
39.7074,6.8508,6.8407,6.8407,-6.8407
40.1041,6.8318,6.8256,6.8256,-6.8256
40.5046,6.8209,6.8103,6.8103,-6.8103
40.9092,6.8108,6.7945,6.7945,-6.7945
41.3179,6.7916,6.7781,6.7781,-6.7781
41.7306,6.7807,6.7611,6.7611,-6.7611
42.1474,6.7523,6.7434,6.7434,-6.7434
42.5684,6.7315,6.7251,6.7251,-6.7251
42.9936,6.7025,6.7063,6.7063,-6.7063
43.4231,6.6817,6.6873,6.6873,-6.6873
43.8568,6.6620,6.6680,6.6680,-6.6680
44.2949,6.6416,6.6486,6.6486,-6.6486
44.7374,6.6309,6.6290,6.6290,-6.6290
45.1842,6.6120,6.6093,6.6093,-6.6093
45.6356,6.5920,6.5893,6.5893,-6.5893
46.0914,6.5717,6.5691,6.5691,-6.5691
46.5518,6.5521,6.5487,6.5487,-6.5487
47.0168,6.5319,6.5281,6.5281,-6.5281
47.4864,6.5119,6.5073,6.5073,-6.5073
47.9608,6.4921,6.4862,6.4862,-6.4862
48.4398,6.4721,6.4647,6.4647,-6.4647
48.9237,6.4519,6.4427,6.4427,-6.4427
49.4124,6.4229,6.4201,6.4201,-6.4201
49.9059,6.4022,6.3971,6.3971,-6.3971
50.4044,6.3822,6.3735,6.3735,-6.3735
50.9079,6.3531,6.3493,6.3493,-6.3493
51.4164,6.3321,6.3247,6.3247,-6.3247
51.9300,6.3035,6.2995,6.2995,-6.2995
52.4487,6.2824,6.2737,6.2737,-6.2737
52.9726,6.2533,6.2473,6.2473,-6.2473
53.5018,6.2233,6.2203,6.2203,-6.2203
54.0362,6.2024,6.1927,6.1927,-6.1927
54.5759,6.1736,6.1646,6.1646,-6.1646
55.1211,6.1433,6.1358,6.1358,-6.1358
55.6717,6.1137,6.1064,6.1064,-6.1064
56.2278,6.0834,6.0764,6.0764,-6.0764
56.7894,6.0537,6.0459,6.0459,-6.0459
57.3567,6.0234,6.0146,6.0146,-6.0146
57.9296,5.9849,5.9827,5.9827,-5.9827
58.5082,5.9537,5.9503,5.9503,-5.9503
59.0927,5.9235,5.9172,5.9172,-5.9172
59.6829,5.8939,5.8835,5.8835,-5.8835
60.2791,5.8548,5.8490,5.8490,-5.8490
60.8812,5.8239,5.8137,5.8137,-5.8137
61.4893,5.7853,5.7777,5.7777,-5.7777
62.1035,5.7538,5.7407,5.7407,-5.7407
62.7239,5.7149,5.7027,5.7027,-5.7027
63.3504,5.6751,5.6636,5.6636,-5.6636
63.9832,5.6354,5.6232,5.6232,-5.6232
64.6223,5.5955,5.5813,5.5813,-5.5813
65.2678,5.5551,5.5378,5.5378,-5.5378
65.9198,5.5155,5.4925,5.4925,-5.4925
66.5782,5.4670,5.4450,5.4450,-5.4450
67.2433,5.4253,5.3953,5.3953,-5.3953
67.9149,5.3770,5.3434,5.3434,-5.3434
68.5933,5.3271,5.2894,5.2894,-5.2894
69.2785,5.2681,5.2337,5.2337,-5.2337
69.9705,5.2085,5.1768,5.1768,-5.1768
70.6694,5.1486,5.1197,5.1197,-5.1197
71.3753,5.0803,5.0633,5.0633,-5.0633
72.0883,5.0100,5.0087,5.0087,-5.0087
72.8083,4.9313,4.9569,4.9569,-4.9569
73.5356,4.8514,4.9092,4.9092,-4.9092
74.2701,4.7719,4.8664,4.8664,-4.8664
75.0120,4.7002,4.8297,4.8297,-4.8297
75.7613,4.6472,4.7994,4.7994,-4.7994
76.5180,4.6144,4.7761,4.7761,-4.7761
77.2824,4.6015,4.7595,4.7595,-4.7595
78.0543,4.6255,4.7490,4.7490,-4.7490
78.8340,4.6555,4.7436,4.7436,-4.7436
79.6214,4.7110,4.7420,4.7420,-4.7420
80.4168,4.7623,4.7424,4.7424,-4.7424
81.2200,4.8036,4.7430,4.7430,-4.7430
82.0313,4.8352,4.7423,4.7423,-4.7423
82.8507,4.8484,4.7386,4.7386,-4.7386
83.6783,4.8500,4.7306,4.7306,-4.7306
84.5141,4.8332,4.7173,4.7173,-4.7173
85.3583,4.8050,4.6978,4.6978,-4.6978
86.2109,4.7665,4.6719,4.6719,-4.6719
87.0721,4.7185,4.6394,4.6394,-4.6394
87.9418,4.6685,4.6008,4.6008,-4.6008
88.8203,4.6102,4.5568,4.5568,-4.5568
89.7075,4.5503,4.5086,4.5086,-4.5086
90.6035,4.4822,4.4575,4.4575,-4.4575
91.5085,4.4118,4.4051,4.4051,-4.4051
92.4226,4.3420,4.3528,4.3528,-4.3528
93.3458,4.2724,4.3022,4.3022,-4.3022
94.2782,4.2022,4.2544,4.2544,-4.2544
95.2199,4.1325,4.2106,4.2106,-4.2106
96.1711,4.0707,4.1716,4.1716,-4.1716
97.1317,4.0188,4.1382,4.1382,-4.1382
98.1019,3.9855,4.1105,4.1105,-4.1105
99.0818,3.9718,4.0887,4.0887,-4.0887
100.0715,3.9700,4.0723,4.0723,-4.0723
101.0711,3.9864,4.0606,4.0606,-4.0606
102.0807,4.0144,4.0528,4.0528,-4.0528
103.1004,4.0444,4.0476,4.0476,-4.0476
104.1302,4.0745,4.0439,4.0439,-4.0439
105.1703,4.0881,4.0404,4.0404,-4.0404
106.2209,4.0981,4.0361,4.0361,-4.0361
107.2819,4.1000,4.0300,4.0300,-4.0300
108.3535,4.0919,4.0214,4.0214,-4.0214
109.4358,4.0738,4.0095,4.0095,-4.0095
110.5289,4.0458,3.9941,3.9941,-3.9941
111.6330,4.0159,3.9750,3.9750,-3.9750
112.7481,3.9859,3.9521,3.9521,-3.9521
113.8743,3.9560,3.9258,3.9258,-3.9258
115.0118,3.9180,3.8962,3.8962,-3.8962
116.1606,3.8860,3.8637,3.8637,-3.8637
117.3209,3.8479,3.8288,3.8288,-3.8288
118.4928,3.8080,3.7918,3.7918,-3.7918
119.6764,3.7682,3.7530,3.7530,-3.7530
120.8718,3.7283,3.7126,3.7126,-3.7126
122.0792,3.6804,3.6708,3.6708,-3.6708
123.2986,3.6382,3.6279,3.6279,-3.6279
124.5302,3.5905,3.5840,3.5840,-3.5840
125.7741,3.5483,3.5391,3.5391,-3.5391
127.0304,3.5003,3.4933,3.4933,-3.4933
128.2993,3.4585,3.4469,3.4469,-3.4469
129.5808,3.4105,3.3999,3.3999,-3.3999
130.8752,3.3606,3.3525,3.3525,-3.3525
132.1825,3.3106,3.3050,3.3050,-3.3050
133.5028,3.2608,3.2578,3.2578,-3.2578
134.8363,3.2107,3.2111,3.2111,-3.2111
136.1832,3.1531,3.1653,3.1653,-3.1653
137.5435,3.1009,3.1206,3.1206,-3.1206
138.9174,3.0510,3.0774,3.0774,-3.0774
140.3050,3.0010,3.0358,3.0358,-3.0358
141.7065,2.9589,2.9959,2.9959,-2.9959
143.1220,2.9190,2.9578,2.9578,-2.9578
144.5516,2.8789,2.9214,2.9214,-2.9214
145.9955,2.8545,2.8869,2.8869,-2.8869
147.4538,2.8345,2.8539,2.8539,-2.8539
148.9267,2.8145,2.8220,2.8220,-2.8220
150.4143,2.7945,2.7910,2.7910,-2.7910
151.9167,2.7745,2.7603,2.7603,-2.7603
153.4342,2.7468,2.7297,2.7297,-2.7297
154.9668,2.7169,2.6989,2.6989,-2.6989
156.5147,2.6870,2.6675,2.6675,-2.6675
158.0781,2.6493,2.6355,2.6355,-2.6355
159.6571,2.6170,2.6026,2.6026,-2.6026
161.2519,2.5795,2.5688,2.5688,-2.5688
162.8626,2.5470,2.5341,2.5341,-2.5341
164.4894,2.5095,2.4984,2.4984,-2.4984
166.1324,2.4696,2.4618,2.4618,-2.4618
167.7919,2.4296,2.4246,2.4246,-2.4246
169.4679,2.3896,2.3867,2.3867,-2.3867
171.1607,2.3496,2.3485,2.3485,-2.3485
172.8704,2.3098,2.3099,2.3099,-2.3099
174.5972,2.2698,2.2711,2.2711,-2.2711
176.3412,2.2298,2.2322,2.2322,-2.2322
178.1026,2.1899,2.1933,2.1933,-2.1933
179.8816,2.1499,2.1542,2.1542,-2.1542
181.6784,2.1175,2.1152,2.1152,-2.1152
183.4932,2.0800,2.0760,2.0760,-2.0760
185.3261,2.0401,2.0368,2.0368,-2.0368
187.1772,2.0002,1.9974,1.9974,-1.9974
189.0469,1.9601,1.9578,1.9578,-1.9578
190.9352,1.9202,1.9181,1.9181,-1.9181
192.8425,1.8802,1.8783,1.8783,-1.8783
194.7687,1.8403,1.8383,1.8383,-1.8383
196.7142,1.8004,1.7982,1.7982,-1.7982
198.6792,1.7604,1.7579,1.7579,-1.7579
200.6637,1.7204,1.7174,1.7174,-1.7174
202.6681,1.6804,1.6767,1.6767,-1.6767
204.6925,1.6405,1.6358,1.6358,-1.6358
206.7371,1.5932,1.5948,1.5948,-1.5948
208.8022,1.5506,1.5537,1.5537,-1.5537
210.8879,1.5106,1.5126,1.5126,-1.5126
212.9944,1.4707,1.4715,1.4715,-1.4715
215.1219,1.4307,1.4304,1.4304,-1.4304
217.2707,1.3907,1.3894,1.3894,-1.3894
219.4410,1.3508,1.3483,1.3483,-1.3483
221.6329,1.3109,1.3072,1.3072,-1.3072
223.8468,1.2636,1.2661,1.2661,-1.2661
226.0827,1.2210,1.2252,1.2252,-1.2252
228.3410,1.1810,1.1844,1.1844,-1.1844
230.6219,1.1410,1.1439,1.1439,-1.1439
232.9255,1.1011,1.1036,1.1036,-1.1036
235.2521,1.0611,1.0635,1.0635,-1.0635
237.6020,1.0212,1.0235,1.0235,-1.0235
239.9754,0.9812,0.9837,0.9837,-0.9837
242.3724,0.9412,0.9441,0.9441,-0.9441
244.7934,0.9013,0.9047,0.9047,-0.9047
247.2386,0.8613,0.8656,0.8656,-0.8656
249.7082,0.8213,0.8267,0.8267,-0.8267
252.2025,0.7886,0.7882,0.7882,-0.7882
254.7217,0.7515,0.7498,0.7498,-0.7498
257.2661,0.7115,0.7115,0.7115,-0.7115
259.8358,0.6715,0.6735,0.6735,-0.6735
262.4313,0.6316,0.6358,0.6358,-0.6358
265.0527,0.5917,0.5983,0.5983,-0.5983
267.7002,0.5588,0.5611,0.5611,-0.5611
270.3742,0.5217,0.5243,0.5243,-0.5243
273.0749,0.4817,0.4877,0.4877,-0.4877
275.8026,0.4488,0.4514,0.4514,-0.4514
278.5575,0.4119,0.4155,0.4155,-0.4155
281.3400,0.3719,0.3798,0.3798,-0.3798
284.1502,0.3389,0.3446,0.3446,-0.3446
286.9885,0.3090,0.3097,0.3097,-0.3097
289.8552,0.2720,0.2751,0.2751,-0.2751
292.7505,0.2391,0.2408,0.2408,-0.2408
295.6747,0.2022,0.2068,0.2068,-0.2068
298.6281,0.1691,0.1731,0.1731,-0.1731
301.6111,0.1392,0.1397,0.1397,-0.1397
304.6238,0.1023,0.1066,0.1066,-0.1066
307.6666,0.0692,0.0737,0.0737,-0.0737
310.7398,0.0393,0.0411,0.0411,-0.0411
313.8437,0.0093,0.0087,0.0087,-0.0087
316.9786,-0.0275,-0.0234,-0.0234,0.0234
320.1449,-0.0606,-0.0552,-0.0552,0.0552
323.3427,-0.0906,-0.0868,-0.0868,0.0868
326.5725,-0.1206,-0.1181,-0.1181,0.1181
329.8346,-0.1505,-0.1492,-0.1492,0.1492
333.1292,-0.1805,-0.1800,-0.1800,0.1800
336.4568,-0.2105,-0.2106,-0.2106,0.2106
339.8176,-0.2472,-0.2410,-0.2410,0.2410
343.2119,-0.2804,-0.2710,-0.2710,0.2710
346.6402,-0.3036,-0.3007,-0.3007,0.3007
350.1027,-0.3303,-0.3301,-0.3301,0.3301
353.5998,-0.3603,-0.3591,-0.3591,0.3591
357.1318,-0.3903,-0.3879,-0.3879,0.3879
360.6991,-0.4202,-0.4164,-0.4164,0.4164
364.3021,-0.4502,-0.4444,-0.4444,0.4444
367.9410,-0.4801,-0.4721,-0.4721,0.4721
371.6163,-0.5034,-0.4994,-0.4994,0.4994
375.3283,-0.5301,-0.5261,-0.5261,0.5261
379.0774,-0.5600,-0.5525,-0.5525,0.5525
382.8639,-0.5833,-0.5784,-0.5784,0.5784
386.6882,-0.6100,-0.6039,-0.6039,0.6039
390.5508,-0.6333,-0.6290,-0.6290,0.6290
394.4519,-0.6599,-0.6537,-0.6537,0.6537
398.3920,-0.6832,-0.6778,-0.6778,0.6778
402.3714,-0.7032,-0.7014,-0.7014,0.7014
406.3906,-0.7298,-0.7246,-0.7246,0.7246
410.4500,-0.7532,-0.7472,-0.7472,0.7472
414.5498,-0.7732,-0.7694,-0.7694,0.7694
418.6907,-0.7931,-0.7911,-0.7911,0.7911
422.8729,-0.8197,-0.8124,-0.8124,0.8124
427.0969,-0.8431,-0.8332,-0.8332,0.8332
431.3631,-0.8631,-0.8535,-0.8535,0.8535
435.6718,-0.8830,-0.8733,-0.8733,0.8733
440.0237,-0.8965,-0.8926,-0.8926,0.8926
444.4190,-0.9130,-0.9116,-0.9116,0.9116
448.8582,-0.9330,-0.9303,-0.9303,0.9303
453.3417,-0.9530,-0.9487,-0.9487,0.9487
457.8700,-0.9665,-0.9669,-0.9669,0.9669
462.4436,-0.9829,-0.9849,-0.9849,0.9849
467.0628,-1.0029,-1.0027,-1.0027,1.0027
471.7282,-1.0229,-1.0205,-1.0205,1.0205
476.4402,-1.0364,-1.0380,-1.0380,1.0380
481.1993,-1.0528,-1.0555,-1.0555,1.0555
486.0059,-1.0728,-1.0729,-1.0729,1.0729
490.8605,-1.0928,-1.0903,-1.0903,1.0903
495.7636,-1.1128,-1.1075,-1.1075,1.1075
500.7156,-1.1264,-1.1244,-1.1244,1.1244
505.7172,-1.1427,-1.1411,-1.1411,1.1411
510.7687,-1.1627,-1.1575,-1.1575,1.1575
515.8706,-1.1763,-1.1735,-1.1735,1.1735
521.0235,-1.1926,-1.1891,-1.1891,1.1891
526.2279,-1.2126,-1.2042,-1.2042,1.2042
531.4843,-1.2263,-1.2188,-1.2188,1.2188
536.7932,-1.2426,-1.2329,-1.2329,1.2329
542.1551,-1.2563,-1.2462,-1.2462,1.2462
547.5705,-1.2663,-1.2588,-1.2588,1.2588
553.0401,-1.2763,-1.2707,-1.2707,1.2707
558.5643,-1.2925,-1.2818,-1.2818,1.2818
564.1437,-1.3062,-1.2919,-1.2919,1.2919
569.7788,-1.3100,-1.3011,-1.3011,1.3011
575.4701,-1.3162,-1.3093,-1.3093,1.3093
581.2184,-1.3262,-1.3165,-1.3165,1.3165
587.0241,-1.3362,-1.3226,-1.3226,1.3226
592.8877,-1.3462,-1.3277,-1.3277,1.3277
598.8099,-1.3500,-1.3315,-1.3315,1.3315
604.7913,-1.3500,-1.3342,-1.3342,1.3342
610.8324,-1.3500,-1.3357,-1.3357,1.3357
616.9339,-1.3500,-1.3361,-1.3361,1.3361
623.0963,-1.3500,-1.3355,-1.3355,1.3355
629.3203,-1.3439,-1.3339,-1.3339,1.3339
635.6064,-1.3400,-1.3313,-1.3313,1.3313
641.9553,-1.3339,-1.3279,-1.3279,1.3279
648.3677,-1.3300,-1.3237,-1.3237,1.3237
654.8441,-1.3239,-1.3187,-1.3187,1.3187
661.3852,-1.3200,-1.3130,-1.3130,1.3130
667.9916,-1.3140,-1.3066,-1.3066,1.3066
674.6640,-1.3040,-1.2995,-1.2995,1.2995
681.4031,-1.2940,-1.2919,-1.2919,1.2919
688.2095,-1.2900,-1.2837,-1.2837,1.2837
695.0838,-1.2840,-1.2750,-1.2750,1.2750
702.0269,-1.2740,-1.2655,-1.2655,1.2655
709.0393,-1.2640,-1.2553,-1.2553,1.2553
716.1217,-1.2540,-1.2444,-1.2444,1.2444
723.2749,-1.2440,-1.2328,-1.2328,1.2328
730.4995,-1.2281,-1.2203,-1.2203,1.2203
737.7963,-1.2141,-1.2069,-1.2069,1.2069
745.1660,-1.2041,-1.1927,-1.1927,1.1927
752.6093,-1.1882,-1.1775,-1.1775,1.1775
760.1269,-1.1741,-1.1612,-1.1612,1.1612
767.7197,-1.1582,-1.1438,-1.1438,1.1438
775.3882,-1.1383,-1.1251,-1.1251,1.1251
783.1334,-1.1183,-1.1052,-1.1052,1.1052
790.9560,-1.0983,-1.0838,-1.0838,1.0838
798.8566,-1.0783,-1.0610,-1.0610,1.0610
806.8362,-1.0583,-1.0366,-1.0366,1.0366
814.8955,-1.0325,-1.0105,-1.0105,1.0105
823.0353,-1.0026,-0.9825,-0.9825,0.9825
831.2565,-0.9784,-0.9525,-0.9525,0.9525
839.5597,-0.9469,-0.9204,-0.9204,0.9204
847.9459,-0.9127,-0.8862,-0.8862,0.8862
856.4158,-0.8769,-0.8496,-0.8496,0.8496
864.9703,-0.8370,-0.8108,-0.8108,0.8108
873.6103,-0.7970,-0.7696,-0.7696,0.7696
882.3366,-0.7571,-0.7259,-0.7259,0.7259
891.1501,-0.7114,-0.6798,-0.6798,0.6798
900.0516,-0.6614,-0.6312,-0.6312,0.6312
909.0420,-0.6115,-0.5802,-0.5802,0.5802
918.1222,-0.5559,-0.5268,-0.5268,0.5268
927.2931,-0.4959,-0.4709,-0.4709,0.4709
936.5557,-0.4360,-0.4128,-0.4128,0.4128
945.9107,-0.3761,-0.3523,-0.3523,0.3523
955.3592,-0.3105,-0.2895,-0.2895,0.2895
964.9021,-0.2462,-0.2244,-0.2244,0.2244
974.5402,-0.1806,-0.1571,-0.1571,0.1571
984.2747,-0.1107,-0.0875,-0.0875,0.0875
994.1064,-0.0408,-0.0157,-0.0157,0.0157
1004.0363,0.0291,0.0583,0.0583,-0.0583
1014.0654,0.1046,0.1344,0.1344,-0.1344
1024.1947,0.1845,0.2126,0.2126,-0.2126
1034.4251,0.2644,0.2929,0.2929,-0.2929
1044.7578,0.3499,0.3750,0.3750,-0.3750
1055.1936,0.4398,0.4590,0.4590,-0.4590
1065.7337,0.5297,0.5445,0.5445,-0.5445
1076.3791,0.6196,0.6313,0.6313,-0.6313
1087.1308,0.7095,0.7194,0.7194,-0.7194
1097.9899,0.7994,0.8085,0.8085,-0.8085
1108.9575,0.8947,0.8985,0.8985,-0.8985
1120.0346,0.9892,0.9892,0.9892,-0.9892
1131.2224,1.0791,1.0803,1.0803,-1.0803
1142.5219,1.1690,1.1718,1.1718,-1.1718
1153.9343,1.2643,1.2634,1.2634,-1.2634
1165.4607,1.3588,1.3551,1.3551,-1.3551
1177.1022,1.4487,1.4465,1.4465,-1.4465
1188.8600,1.5386,1.5376,1.5376,-1.5376
1200.7353,1.6285,1.6283,1.6283,-1.6283
1212.7291,1.7237,1.7185,1.7185,-1.7185
1224.8428,1.8183,1.8080,1.8080,-1.8080
1237.0775,1.9082,1.8967,1.8967,-1.8967
1249.4344,1.9981,1.9846,1.9846,-1.9846
1261.9147,2.0880,2.0715,2.0715,-2.0715
1274.5197,2.1779,2.1574,2.1574,-2.1574
1287.2506,2.2625,2.2423,2.2423,-2.2423
1300.1086,2.3424,2.3261,2.3261,-2.3261
1313.0951,2.4223,2.4090,2.4090,-2.4090
1326.2113,2.5022,2.4911,2.4911,-2.4911
1339.4585,2.5768,2.5723,2.5723,-2.5723
1352.8381,2.6520,2.6527,2.6527,-2.6527
1366.3513,2.7319,2.7325,2.7325,-2.7325
1379.9995,2.8118,2.8116,2.8116,-2.8116
1393.7840,2.8918,2.8902,2.8902,-2.8902
1407.7062,2.9717,2.9681,2.9681,-2.9681
1421.7674,3.0516,3.0455,3.0455,-3.0455
1435.9691,3.1315,3.1223,3.1223,-3.1223
1450.3127,3.2114,3.1985,3.1985,-3.1985
1464.7995,3.2861,3.2743,3.2743,-3.2743
1479.4311,3.3612,3.3496,3.3496,-3.3496
1494.2088,3.4360,3.4247,3.4247,-3.4247
1509.1341,3.5059,3.4995,3.4995,-3.4995
1524.2085,3.5758,3.5742,3.5742,-3.5742
1539.4335,3.6457,3.6489,3.6489,-3.6489
1554.8105,3.7157,3.7239,3.7239,-3.7239
1570.3412,3.7856,3.7994,3.7994,-3.7994
1586.0270,3.8606,3.8754,3.8754,-3.8754
1601.8694,3.9354,3.9522,3.9522,-3.9522
1617.8702,4.0104,4.0299,4.0299,-4.0299
1634.0307,4.0903,4.1086,4.1086,-4.1086
1650.3527,4.1752,4.1885,4.1885,-4.1885
1666.8377,4.2601,4.2693,4.2693,-4.2693
1683.4873,4.3401,4.3510,4.3510,-4.3510
1700.3033,4.4250,4.4337,4.4337,-4.4337
1717.2872,4.5099,4.5172,4.5172,-4.5172
1734.4408,4.5947,4.6015,4.6015,-4.6015
1751.7658,4.6797,4.6864,4.6864,-4.6864
1769.2638,4.7646,4.7720,4.7720,-4.7720
1786.9366,4.8545,4.8580,4.8580,-4.8580
1804.7859,4.9443,4.9446,4.9446,-4.9446
1822.8135,5.0342,5.0314,5.0314,-5.0314
1841.0211,5.1192,5.1185,5.1185,-5.1185
1859.4107,5.2040,5.2059,5.2059,-5.2059
1877.9839,5.2891,5.2936,5.2936,-5.2936
1896.7427,5.3738,5.3817,5.3817,-5.3817
1915.6888,5.4637,5.4701,5.4701,-5.4701
1934.8242,5.5536,5.5588,5.5588,-5.5588
1954.1507,5.6435,5.6478,5.6478,-5.6478
1973.6703,5.7334,5.7370,5.7370,-5.7370
1993.3848,5.8233,5.8263,5.8263,-5.8263
2013.2963,5.9132,5.9158,5.9158,-5.9158
2033.4067,6.0031,6.0053,6.0053,-6.0053
2053.7179,6.0931,6.0948,6.0948,-6.0948
2074.2320,6.1877,6.1842,6.1842,-6.1842
2094.9511,6.2828,6.2735,6.2735,-6.2735
2115.8770,6.3727,6.3625,6.3625,-6.3625
2137.0121,6.4579,6.4511,6.4511,-6.4511
2158.3582,6.5425,6.5395,6.5395,-6.5395
2179.9175,6.6324,6.6276,6.6276,-6.6276
2201.6923,6.7223,6.7157,6.7157,-6.7157
2223.6845,6.8075,6.8034,6.8034,-6.8034
2245.8963,6.8921,6.8910,6.8910,-6.8910
2268.3301,6.9774,6.9783,6.9783,-6.9783
2290.9879,7.0619,7.0653,7.0653,-7.0653
2313.8721,7.1472,7.1517,7.1517,-7.1517
2336.9848,7.2317,7.2373,7.2373,-7.2373
2360.3285,7.3216,7.3220,7.3220,-7.3220
2383.9052,7.4115,7.4054,7.4054,-7.4054
2407.7175,7.5060,7.4869,7.4869,-7.4869
2431.7677,7.6013,7.5660,7.5660,-7.5660
2456.0581,7.6866,7.6420,7.6420,-7.6420
2480.5911,7.7666,7.7145,7.7145,-7.7145
2505.3691,7.8465,7.7830,7.7830,-7.7830
2530.3947,7.9218,7.8468,7.8468,-7.8468
2555.6702,7.9827,7.9055,7.9055,-7.9055
2581.1983,8.0326,7.9588,7.9588,-7.9588
2606.9813,8.0826,8.0064,8.0064,-8.0064
2633.0218,8.1235,8.0481,8.0481,-8.0481
2659.3225,8.1535,8.0839,8.0839,-8.0839
2685.8858,8.1834,8.1136,8.1136,-8.1136
2712.7145,8.2045,8.1374,8.1374,-8.1374
2739.8112,8.2189,8.1554,8.1554,-8.1554
2767.1786,8.2300,8.1679,8.1679,-8.1679
2794.8193,8.2300,8.1750,8.1750,-8.1750
2822.7361,8.2300,8.1772,8.1772,-8.1772
2850.9318,8.2256,8.1746,8.1746,-8.1746
2879.4091,8.2156,8.1677,8.1677,-8.1677
2908.1709,8.2012,8.1568,8.1568,-8.1568
2937.2200,8.1812,8.1420,8.1420,-8.1420
2966.5592,8.1569,8.1239,8.1239,-8.1239
2996.1915,8.1313,8.1027,8.1027,-8.1027
3026.1198,8.1070,8.0787,8.0787,-8.0787
3056.3470,8.0770,8.0521,8.0521,-8.0521
3086.8761,8.0427,8.0233,8.0233,-8.0233
3117.7103,8.0071,7.9924,7.9924,-7.9924
3148.8524,7.9728,7.9596,7.9596,-7.9596
3180.3055,7.9371,7.9251,7.9251,-7.9251
3212.0729,7.9029,7.8890,7.8890,-7.8890
3244.1576,7.8629,7.8514,7.8514,-7.8514
3276.5627,7.8272,7.8123,7.8123,-7.8123
3309.2916,7.7930,7.7718,7.7718,-7.7718
3342.3473,7.7488,7.7297,7.7297,-7.7297
3375.7333,7.7031,7.6862,7.6862,-7.6862
3409.4527,7.6589,7.6412,7.6412,-7.6412
3443.5090,7.6132,7.5948,7.5948,-7.5948
3477.9054,7.5690,7.5469,7.5469,-7.5469
3512.6454,7.5149,7.4977,7.4977,-7.4977
3547.7324,7.4592,7.4471,7.4471,-7.4471
3583.1699,7.4092,7.3953,7.3953,-7.3953
3618.9614,7.3551,7.3424,7.3424,-7.3424
3655.1104,7.2993,7.2884,7.2884,-7.2884
3691.6205,7.2453,7.2335,7.2335,-7.2335
3728.4952,7.1853,7.1777,7.1777,-7.1777
3765.7383,7.1254,7.1211,7.1211,-7.1211
3803.3534,7.0655,7.0640,7.0640,-7.0640
3841.3443,7.0055,7.0062,7.0062,-7.0062
3879.7146,6.9497,6.9480,6.9480,-6.9480
3918.4682,6.8957,6.8895,6.8895,-6.8895
3957.6089,6.8357,6.8308,6.8308,-6.8308
3997.1406,6.7758,6.7719,6.7719,-6.7719
4037.0671,6.7159,6.7131,6.7131,-6.7131
4077.3924,6.6559,6.6546,6.6546,-6.6546
4118.1206,6.5960,6.5965,6.5965,-6.5965
4159.2556,6.5361,6.5392,6.5392,-6.5392
4200.8014,6.4721,6.4827,6.4827,-6.4827
4242.7623,6.4062,6.4273,6.4273,-6.4273
4285.1423,6.3463,6.3733,6.3733,-6.3733
4327.9456,6.2903,6.3207,6.3207,-6.3207
4371.1765,6.2403,6.2696,6.2696,-6.2696
4414.8392,6.1904,6.2200,6.2200,-6.2200
4458.9380,6.1444,6.1717,6.1717,-6.1717
4503.4773,6.1044,6.1247,6.1247,-6.1247
4548.4616,6.0644,6.0785,6.0785,-6.0785
4593.8951,6.0284,6.0329,6.0329,-6.0329
4639.7825,5.9945,5.9875,5.9875,-5.9875
4686.1282,5.9546,5.9419,5.9419,-5.9419
4732.9369,5.9146,5.8957,5.8957,-5.8957
4780.2131,5.8747,5.8487,5.8487,-5.8487
4827.9616,5.8309,5.8003,5.8003,-5.8003
4876.1870,5.7809,5.7504,5.7504,-5.7504
4924.8942,5.7272,5.6988,5.6988,-5.6988
4974.0878,5.6711,5.6454,5.6454,-5.6454
5023.7729,5.6173,5.5902,5.5902,-5.5902
5073.9542,5.5536,5.5332,5.5332,-5.5332
5124.6368,5.4875,5.4745,5.4745,-5.4745
5175.8256,5.4275,5.4144,5.4144,-5.4144
5227.5258,5.3639,5.3532,5.3532,-5.3532
5279.7423,5.2977,5.2910,5.2910,-5.2910
5332.4805,5.2340,5.2285,5.2285,-5.2285
5385.7454,5.1678,5.1658,5.1658,-5.1658
5439.5424,5.1042,5.1036,5.1036,-5.1036
5493.8768,5.0343,5.0422,5.0422,-5.0422
5548.7539,4.9643,4.9823,4.9823,-4.9823
5604.1792,4.8981,4.9244,4.9244,-4.9244
5660.1580,4.8345,4.8692,4.8692,-4.8692
5716.6961,4.7682,4.8173,4.8173,-4.8173
5773.7989,4.7119,4.7695,4.7695,-4.7695
5831.4720,4.6619,4.7265,4.7265,-4.7265
5889.7213,4.6156,4.6891,4.6891,-4.6891
5948.5524,4.5792,4.6579,4.6579,-4.6579
6007.9711,4.5493,4.6338,4.6338,-4.6338
6067.9834,4.5229,4.6175,4.6175,-4.6175
6128.5951,4.5064,4.6098,4.6098,-4.6098
6189.8123,4.5000,4.6115,4.6115,-4.6115
6251.6409,4.5000,4.6231,4.6231,-4.6231
6314.0871,4.5106,4.6456,4.6456,-4.6456
6377.1571,4.5405,4.6795,4.6795,-4.6795
6440.8571,4.5740,4.7256,4.7256,-4.7256
6505.1934,4.6244,4.7846,4.7846,-4.7846
6570.1723,4.6943,4.8572,4.8572,-4.8572
6635.8003,4.7747,4.9442,4.9442,-4.9442
6702.0838,4.8780,5.0463,5.0463,-5.0463
6769.0294,4.9913,5.1639,5.1639,-5.1639
6836.6437,5.1146,5.2974,5.2974,-5.2974
6904.9334,5.2513,5.4469,5.4469,-5.4469
6973.9052,5.4080,5.6121,5.6121,-5.6121
7043.5660,5.5812,5.7921,5.7921,-5.7921
7113.9225,5.7745,5.9848,5.9848,-5.9848
7184.9819,5.9976,6.1874,6.1874,-6.1874
7256.7511,6.2375,6.3952,6.3952,-6.3952
7329.2371,6.5073,6.6023,6.6023,-6.6023
7402.4472,6.8003,6.8015,6.8015,-6.8015
7476.3886,7.1000,6.9841,6.9841,-6.9841
7551.0686,7.4029,7.1407,7.1407,-7.1407
7626.4945,7.7060,7.2613,7.2613,-7.2613
7702.6738,7.9858,7.3355,7.3355,-7.3355
7779.6141,8.2159,7.3535,7.3535,-7.3535
7857.3229,8.3595,7.3062,7.3062,-7.3062
7935.8079,8.4102,7.1864,7.1864,-7.1864
8015.0769,8.3184,6.9884,6.9884,-6.9884
8095.1377,8.0533,6.7094,6.7094,-6.7094
8175.9982,7.6420,6.3496,6.3496,-6.3496
8257.6664,7.0710,5.9117,5.9117,-5.9117
8340.1504,6.3629,5.4017,5.4017,-5.4017
8423.4582,5.5618,4.8277,4.8277,-4.8277
8507.5983,4.6768,4.1995,4.1995,-4.1995
8592.5787,3.7610,3.5286,3.5286,-3.5286
8678.4081,2.8488,2.8270,2.8270,-2.8270
8765.0947,1.9488,2.1065,2.1065,-2.1065
8852.6473,1.1024,1.3786,1.3786,-1.3786
8941.0744,0.2927,0.6535,0.6535,-0.6535
9030.3848,-0.4777,-0.0598,-0.0598,0.0598
9120.5872,-1.1914,-0.7537,-0.7537,0.7537
9211.6907,-1.8582,-1.4225,-1.4225,1.4225
9303.7042,-2.4852,-2.0624,-2.0624,2.0624
9396.6368,-3.0722,-2.6706,-2.6706,2.6706
9490.4977,-3.6224,-3.2460,-3.2460,3.2460
9585.2961,-4.1427,-3.7884,-3.7884,3.7884
9681.0415,-4.6360,-4.2982,-4.2982,4.2982
9777.7432,-5.1034,-4.7761,-4.7761,4.7761
9875.4109,-5.5368,-5.2231,-5.2231,5.2231
9974.0542,-5.9473,-5.6402,-5.6402,5.6402
10073.6827,-6.3309,-6.0282,-6.0282,6.0282
10174.3065,-6.6915,-6.3877,-6.3877,6.3877
10275.9353,-7.0222,-6.7191,-6.7191,6.7191
10378.5793,-7.3260,-7.0225,-7.0225,7.0225
10482.2486,-7.6068,-7.2980,-7.2980,7.2980
10586.9534,-7.8576,-7.5454,-7.5454,7.5454
10692.7041,-8.0815,-7.7641,-7.7641,7.7641
10799.5111,-8.2796,-7.9535,-7.9535,7.9535
10907.3850,-8.4436,-8.1131,-8.1131,8.1131
11016.3364,-8.5848,-8.2419,-8.2419,8.2419
11126.3761,-8.6989,-8.3389,-8.3389,8.3389
11237.5150,-8.7844,-8.4030,-8.4030,8.4030
11349.7640,-8.8257,-8.4327,-8.4327,8.4327
11463.1342,-8.8371,-8.4263,-8.4263,8.4263
11577.6369,-8.8130,-8.3822,-8.3822,8.3822
11693.2833,-8.7502,-8.2984,-8.2984,8.2984
11810.0848,-8.6577,-8.1733,-8.1733,8.1733
11928.0531,-8.5023,-8.0049,-8.0049,8.0049
12047.1997,-8.3213,-7.7917,-7.7917,7.7917
12167.5365,-8.0948,-7.5323,-7.5323,7.5323
12289.0753,-7.8112,-7.2259,-7.2259,7.2259
12411.8281,-7.4805,-6.8728,-6.8728,6.8728
12535.8070,-7.0989,-6.4748,-6.4748,6.4748
12661.0244,-6.6430,-6.0355,-6.0355,6.0355
12787.4925,-6.1189,-5.5608,-5.5608,5.5608
12915.2239,-5.5187,-5.0581,-5.0581,5.0581
13044.2311,-4.8867,-4.5377,-4.5377,4.5377
13174.5270,-4.2205,-4.0117,-4.0117,4.0117
13306.1244,-3.4759,-3.4933,-3.4933,3.4933
13439.0362,-2.7114,-2.9976,-2.9976,2.9976
13573.2757,-1.9430,-2.5403,-2.5403,2.5403
13708.8561,-1.2144,-2.1371,-2.1371,2.1371
13845.7908,-0.5574,-1.8033,-1.8033,1.8033
13984.0933,-0.0732,-1.5525,-1.5525,1.5525
14123.7772,0.2250,-1.3953,-1.3953,1.3953
14264.8565,0.3852,-1.3391,-1.3391,1.3391
14407.3449,0.3507,-1.3887,-1.3887,1.3887
14551.2566,0.0885,-1.5452,-1.5452,1.5452
14696.6058,-0.3990,-1.8058,-1.8058,1.8058
14843.4069,-0.9794,-2.1642,-2.1642,2.1642
14991.6743,-1.6965,-2.6121,-2.6121,2.6121
15141.4228,-2.4757,-3.1389,-3.1389,3.1389
15292.6670,-3.2950,-3.7331,-3.7331,3.7331
15445.4220,-4.1390,-4.3825,-4.3825,4.3825
15599.7029,-4.9680,-5.0745,-5.0745,5.0745
15755.5248,-5.7922,-5.7959,-5.7959,5.7959
15912.9032,-6.5987,-6.5341,-6.5341,6.5341
16071.8536,-7.3929,-7.2768,-7.2768,7.2768
16232.3917,-8.1671,-8.0132,-8.0132,8.0132
16394.5334,-8.9238,-8.7347,-8.7347,8.7347
16558.2947,-9.6706,-9.4348,-9.4348,9.4348
16723.6917,-10.4122,-10.1088,-10.1088,10.1088
16890.7409,-11.1685,-10.7533,-10.7533,10.7533
17059.4587,-11.9453,-11.3655,-11.3655,11.3655
17229.8618,-12.6809,-11.9427,-11.9427,11.9427
17401.9670,-13.2792,-12.4831,-12.4831,12.4831
17575.7913,-13.7241,-12.9864,-12.9864,12.9864
17751.3519,-13.9772,-13.4541,-13.4541,13.4541
17928.6662,-14.1794,-13.8904,-13.8904,13.8904
18107.7516,-14.3961,-14.2832,-14.2832,14.2832
18288.6258,-14.6522,-14.6313,-14.6313,14.6313
18471.3068,-14.9734,-14.9430,-14.9430,14.9430
18655.8125,-15.3376,-15.2244,-15.2244,15.2244
18842.1612,-15.7241,-15.4797,-15.4797,15.4797
19030.3713,-16.1313,-15.7123,-15.7123,15.7123
19220.4614,-16.5264,-15.9245,-15.9245,15.9245
19412.4502,-16.8924,-16.1183,-16.1183,16.1183
19606.3568,-17.2008,-16.2949,-16.2949,16.2949
19802.2003,-17.4705,-16.4544,-16.4544,16.4544
20000.0000,-17.6800,-16.5944,-16.5944,16.5944
